23.18826492599328 Training_Time (s)
0.6846558560064295 Test_time (s)
97.92953929539296 Overall accuracy (%)
97.44318759568468 Average accuracy (%)
97.6408077180263 Kappa accuracy (%)
[ 92.85714286  96.34525661  91.96787149  93.42723005  99.54022989
  99.543379    96.15384615 100.         100.          98.39816934
  98.73245813  97.93621013  98.37837838 100.          99.42528736
  96.38554217] Each accuracy (%)
                    precision    recall  f1-score   support

           Alfalfa     1.0000    0.9286    0.9630        42
       Corn_notill     0.9695    0.9635    0.9665      1286
      Corn_mintill     0.9814    0.9197    0.9496       747
              Corn     0.9299    0.9343    0.9321       213
           Pasture     0.9886    0.9954    0.9920       435
             Trees     0.9864    0.9954    0.9909       657
     Pasture_mowed     1.0000    0.9615    0.9804        26
     Hay_windrowed     1.0000    1.0000    1.0000       430
              Oats     0.8182    1.0000    0.9000        18
   Soybeans_notill     0.9718    0.9840    0.9778       874
  Soybeans_mintill     0.9950    0.9873    0.9911      2209
Soybeans_cleantill     0.9794    0.9794    0.9794       533
             Wheat     0.9055    0.9838    0.9430       185
             Woods     0.9827    1.0000    0.9913      1139
    Building_grass     0.9611    0.9943    0.9774       348
Stone_steel_towers     0.9302    0.9639    0.9467        83

          accuracy                         0.9793      9225
         macro avg     0.9625    0.9744    0.9676      9225
      weighted avg     0.9796    0.9793    0.9793      9225

[[  39    0    0    0    0    0    0    0    0    3    0    0    0    0
     0    0]
 [   0 1239    7    0    0    0    0    0    0   17    8    0    0    7
     8    0]
 [   0   24  687   12    0    0    0    0    4    0    0    7   13    0
     0    0]
 [   0   12    0  199    0    0    0    0    0    0    0    2    0    0
     0    0]
 [   0    0    2    0  433    0    0    0    0    0    0    0    0    0
     0    0]
 [   0    0    0    3    0  654    0    0    0    0    0    0    0    0
     0    0]
 [   0    0    0    0    1    0   25    0    0    0    0    0    0    0
     0    0]
 [   0    0    0    0    0    0    0  430    0    0    0    0    0    0
     0    0]
 [   0    0    0    0    0    0    0    0   18    0    0    0    0    0
     0    0]
 [   0    0    1    0    4    0    0    0    0  860    3    0    0    6
     0    0]
 [   0    0    0    0    0    9    0    0    0    2 2181    0    6    7
     4    0]
 [   0    0    0    0    0    0    0    0    0    3    0  522    0    0
     2    6]
 [   0    0    3    0    0    0    0    0    0    0    0    0  182    0
     0    0]
 [   0    0    0    0    0    0    0    0    0    0    0    0    0 1139
     0    0]
 [   0    2    0    0    0    0    0    0    0    0    0    0    0    0
   346    0]
 [   0    1    0    0    0    0    0    0    0    0    0    2    0    0
     0   80]]